==================================================================================================================================
  Mode: DETERMINISTIC  |  CV=0  |  Cap x1.0  |  ALNS=5000 iters  |  MC=SKIP
==================================================================================================================================
Found 78 instances

Instance        |    N | BKS_V   BKS_Dist | ALNS_V  ALNS_Dist    Time |    Gap%
----------------------------------------------------------------------------------------------------------------------------------
A-n32-k5        |   31 |     5     787.81 |      5     787.08   11.59 |  -0.09%
A-n33-k5        |   32 |     5     662.76 |      5     662.11   11.74 |  -0.10%
A-n33-k6        |   32 |     6     742.83 |      6     742.69   10.97 |  -0.02%
A-n34-k5        |   33 |     5     781.30 |      5     780.94   12.04 |  -0.05%
A-n36-k5        |   35 |     5     802.13 |      5     802.13   15.53 |  -0.00%
A-n37-k5        |   36 |     5     672.59 |      5     672.47   17.71 |  -0.02%
A-n37-k6        |   36 |     6     952.22 |      6     950.85   18.21 |  -0.14%
A-n38-k5        |   37 |     5     734.18 |      5     733.95   17.00 |  -0.03%
A-n39-k5        |   38 |     5     828.99 |      5     828.99   19.73 |   0.00%
A-n39-k6        |   38 |     6     833.20 |      6     835.25   18.57 |   0.25%
A-n44-k6        |   43 |     6     939.33 |      6     938.18   27.64 |  -0.12%
A-n45-k6        |   44 |     6     944.88 |      6     944.88   28.95 |   0.00%
A-n45-k7        |   44 |     7    1147.22 |      7    1148.85   28.44 |   0.14%
A-n46-k7        |   45 |     7     918.46 |      7     917.72   38.15 |  -0.08%
A-n48-k7        |   47 |     7    1074.34 |      7    1087.94   40.32 |   1.27%
A-n53-k7        |   52 |     7    1013.31 |      7    1012.51   61.24 |  -0.08%
A-n54-k7        |   53 |     7    1171.78 |      7    1171.68   57.05 |  -0.01%
A-n55-k9        |   54 |     9    1074.46 |      9    1074.46   59.10 |   0.00%
A-n60-k9        |   59 |     9    1355.80 |      9    1368.25   74.07 |   0.92%
A-n61-k9        |   60 |     9    1039.08 |     10    1046.86   69.84 |   0.75%
A-n62-k8        |   61 |     8    1294.28 |      8    1295.66   79.97 |   0.11%
A-n63-k10       |   62 |    10    1313.73 |     10    1320.72   73.68 |   0.53%
A-n63-k9        |   62 |     9    1622.14 |      9    1637.36   78.50 |   0.94%
A-n64-k9        |   63 |     9    1400.83 |      9    1423.68   87.09 |   1.63%
A-n65-k9        |   64 |     9    1181.69 |      9    1185.79  104.54 |   0.35%
A-n69-k9        |   68 |     9    1165.99 |      9    1171.82  117.67 |   0.50%
A-n80-k10       |   79 |    10    1766.50 |     10    1773.35  218.67 |   0.39%
B-n31-k5        |   30 |     5     676.76 |      5     679.85    9.07 |   0.46%
B-n34-k5        |   33 |     5     791.24 |      5     789.84   11.92 |  -0.18%
B-n35-k5        |   34 |     5     956.29 |      5     956.29   13.87 |   0.00%
B-n38-k6        |   37 |     6     809.45 |      6     808.70   20.69 |  -0.09%
B-n39-k5        |   38 |     5     553.27 |      5     553.16   21.24 |  -0.02%
B-n41-k6        |   40 |     6     834.96 |      6     834.92   26.50 |  -0.00%
B-n43-k6        |   42 |     6     747.54 |      6     746.98   22.74 |  -0.07%
B-n44-k7        |   43 |     7     915.84 |      7     914.96   25.77 |  -0.10%
B-n45-k5        |   44 |     5     755.43 |      5     754.71   29.43 |  -0.10%
B-n45-k6        |   44 |     6     680.44 |      6     687.21   29.96 |   0.99%
B-n50-k7        |   49 |     7     744.78 |      7     744.23   42.17 |  -0.07%
B-n50-k8        |   49 |     8    1322.56 |      8    1316.05   39.19 |  -0.49%
B-n51-k7        |   50 |     7    1035.71 |      8    1019.33   41.70 |  -1.58%
B-n52-k7        |   51 |     7     750.08 |      7     751.37   52.85 |   0.17%
B-n56-k7        |   55 |     7     712.92 |      7     714.29   69.89 |   0.19%
B-n57-k7        |   56 |     7    1160.99 |      8    1143.33   68.43 |  -1.52%
B-n57-k9        |   56 |     9    1603.63 |      9    1608.15   64.26 |   0.28%
B-n63-k10       |   62 |    10    1501.27 |     10    1507.17   71.26 |   0.39%
B-n64-k9        |   63 |     9     869.32 |      9     868.31   79.54 |  -0.12%
B-n66-k9        |   65 |     9    1325.36 |      9    1334.66  103.60 |   0.70%
B-n67-k10       |   66 |    10    1039.36 |     10    1049.12   99.26 |   0.94%
B-n68-k9        |   67 |     9    1278.21 |      9    1295.76  107.02 |   1.37%
B-n78-k10       |   77 |    10    1229.27 |     10    1274.35  166.95 |   3.67%
P-n101-k4       |  100 |     4     692.28 |      4     697.02  603.87 |   0.68%
P-n16-k8        |   15 |     8     451.95 |      8     451.34    1.36 |  -0.14%
P-n19-k2        |   18 |     2     212.66 |      2     212.66    2.80 |   0.00%
P-n20-k2        |   19 |     2     217.42 |      2     217.42    3.38 |   0.00%
P-n21-k2        |   20 |     2     212.71 |      2     212.71    3.83 |   0.00%
P-n22-k2        |   21 |     2     217.85 |      2     217.85    4.36 |   0.00%
P-n22-k8        |   21 |     8     601.42 |      9     588.79    3.11 |  -2.10%
P-n23-k8        |   22 |     8     531.17 |      8     531.17    3.40 |  -0.00%
P-n40-k5        |   39 |     5     461.73 |      5     461.73   21.65 |  -0.00%
P-n45-k5        |   44 |     5     512.79 |      5     512.79   30.08 |   0.00%
P-n50-k10       |   49 |    10     699.56 |     10     707.95   31.33 |   1.20%
P-n50-k7        |   49 |     7     559.86 |      7     562.76   33.53 |   0.52%
P-n50-k8        |   49 |     8     634.85 |      9     642.26   31.98 |   1.17%
P-n51-k10       |   50 |    10     742.48 |     10     753.17   41.95 |   1.44%
P-n55-k10       |   54 |    10     697.81 |     10     712.66   54.54 |   2.13%
P-n55-k15       |   54 |    15     991.48 |     16     971.69   40.95 |  -2.00%
P-n55-k7        |   54 |     7     570.27 |      7     575.59   48.26 |   0.93%
P-n55-k8        |   54 |     8     592.17 |      7     580.21   45.87 |  -2.02%
P-n60-k10       |   59 |    10     748.94 |     10     765.35   63.67 |   2.19%
P-n60-k15       |   59 |    15     971.58 |     15     996.43   52.04 |   2.56%
P-n65-k10       |   64 |    10     796.67 |     10     803.12   87.47 |   0.81%
P-n70-k10       |   69 |    10     830.02 |     10     839.53  107.95 |   1.15%
P-n76-k4        |   75 |     4     598.22 |      4     600.55  246.71 |   0.39%
P-n76-k5        |   75 |     5     635.04 |      5     635.31  185.00 |   0.04%
X-n101-k25      |  100 |    26   27598.40 |     26   27663.13  400.15 |   0.23%
X-n106-k14      |  105 |    14   26362.24 |     14   26464.31  587.33 |   0.39%
X-n110-k13      |  109 |    13   14979.43 |     13   15077.61  609.26 |   0.66%
X-n115-k10      |  114 |    10   12751.64 |     10   12933.13  841.55 |   1.42%
   Avg Gap: 0.30%  |  Avg Time: 87.21s  |
